void setup () {
size(600, 600);
}

void draw () { 
background (80); 
fill(5, 50, 120);

rect(width/3, height/2.5, 180, 30);
rect(0, 0, 600, 10); 
rect(0, 0, 10, 600); 
rect(0, 590, 600, 10); 
rect(590, 0, 10, 600); 
rect(40, 50, 50, 20); 
rect(140, 50, 50, 20); 
rect(0, 220, 40, 140); 
rect(0, 400, 40, 20); 
rect(80, 580, 200, 20); 
rect(340, 580, 200, 20); 
rect(240, 500, 150, 20); 
rect(300, 500, 20, 50); 
rect(240, 380, 150, 20); 
rect(300, 380, 20, 70); 
rect(390, 450, 60, 15); 
rect(500, 450, 90, 15); 
rect(500, 480, 20, 50);
rect(120, 420, 20, 80); 
rect(90, 500, 90, 20); 
rect(280, 0, 20, 60); 
rect(380, 50, 40, 20); 
rect(480, 50, 40, 20); 
rect(480, 280, 20, 100); 
rect(450, 260, 80, 20); 
rect(150, 120, 300, 20); 
rect(275, 140, 25, 40); 
rect(100, 270, 20, 100); 

}
